{
 "cells": [
  {
   "cell_type": "code",
   "execution_count": 1,
   "metadata": {},
   "outputs": [],
   "source": [
    "import numpy as np\n",
    "Expert_activation_count = np.array([[21522., 13650., 13027., 11423., 13254., 15835., 19435., 10864.],\n",
    "       [14974., 21495., 11836., 12877., 23444., 12183.,  9843., 12358.],\n",
    "       [13711., 12269., 10952., 12839., 10520., 27165., 21424., 10130.],\n",
    "       [13299., 10549.,  9234., 14359., 21414., 14889., 15379., 19887.],\n",
    "       [22665.,  9599., 13769.,  9122., 14095., 21958., 12962., 14840.],\n",
    "       [13479., 16430., 12060., 11951., 12567., 20047., 23613.,  8863.],\n",
    "       [ 9248., 22551., 11107.,  9586., 18311., 14286., 14373., 19548.],\n",
    "       [27896., 20999., 13560., 10104.,  6230., 15372.,  9654., 15195.],\n",
    "       [ 8490., 19220., 12996., 12131., 21745., 19161., 16608.,  8659.],\n",
    "       [21944.,  8765.,  6163., 22835., 13355., 14778., 22121.,  9049.],\n",
    "       [14100., 18817., 10079., 12417., 26248.,  7990., 18273., 11086.],\n",
    "       [23459., 24705., 20460.,  1694., 13306., 12109., 13076., 10201.],\n",
    "       [19834., 14389., 10685., 12752., 19578., 15773., 22533.,  3466.],\n",
    "       [25555., 11645., 29065.,  8131., 11641., 12365.,  8646., 11962.],\n",
    "       [ 9746., 25090.,  6861., 16137., 20013., 12430.,  8988., 19745.],\n",
    "       [21417., 17975., 12812., 16715., 11838.,  9730.,  8587., 19936.],\n",
    "       [24146.,  9408., 11049., 20898., 16464., 12513., 13580., 10952.],\n",
    "       [12343., 12440., 14165., 17111., 12352., 20228.,  7977., 22394.],\n",
    "       [10897., 13159., 23731., 10080., 13542., 23401., 11339., 12861.],\n",
    "       [15538., 23744., 12837., 22487., 11997., 10145.,  9982., 12280.],\n",
    "       [10305., 22503., 12084., 22136., 10964., 14561., 12920., 13537.],\n",
    "       [ 9942., 15004., 14012., 15623., 13989., 18549., 20603., 11288.],\n",
    "       [14960., 10428.,  7748., 12524., 23337., 11846., 25724., 12443.],\n",
    "       [16610., 14045., 11166., 13128., 22531.,  8762., 22781.,  9987.],\n",
    "       [12019., 23210., 13061., 10133., 14989., 21222., 12106., 12270.],\n",
    "       [10244., 11663., 17295., 12280., 21553., 11284., 21798., 12893.],\n",
    "       [12930., 20359., 17877., 13844., 11598., 12297., 14431., 15674.],\n",
    "       [10771., 15477., 11218., 11534., 21178., 11631., 10570., 26631.],\n",
    "       [23453., 11058., 14384., 12462., 21820., 12965.,  9769., 13099.],\n",
    "       [15307., 14388., 13485., 12426., 12188., 20257.,  9171., 21788.],\n",
    "       [10611., 20176., 13056., 13538., 14210., 20941., 10489., 15989.],\n",
    "       [11234., 23452., 12480., 17504., 12593., 17554.,  9094., 15099.]])\n",
    "\n",
    "total_expert_activation = np.sum(Expert_activation_count, axis=1)\n",
    "Expert_activation_freq = Expert_activation_count/total_expert_activation[0] "
   ]
  },
  {
   "cell_type": "code",
   "execution_count": 2,
   "metadata": {},
   "outputs": [
    {
     "data": {
      "text/plain": [
       "array([1., 1., 1., 1., 1., 1., 1., 1., 1., 1., 1., 1., 1., 1., 1., 1., 1.,\n",
       "       1., 1., 1., 1., 1., 1., 1., 1., 1., 1., 1., 1., 1., 1., 1.])"
      ]
     },
     "execution_count": 2,
     "metadata": {},
     "output_type": "execute_result"
    }
   ],
   "source": [
    "np.sum(Expert_activation_freq, axis=1)"
   ]
  },
  {
   "cell_type": "code",
   "execution_count": 3,
   "metadata": {},
   "outputs": [
    {
     "data": {
      "text/plain": [
       "array([[0.18084195, 0.11469624, 0.10946139, 0.09598353, 0.11136879,\n",
       "        0.13305605, 0.1633056 , 0.09128645],\n",
       "       [0.12582136, 0.18061507, 0.09945383, 0.10820099, 0.19699185,\n",
       "        0.10236955, 0.08270734, 0.10384001],\n",
       "       [0.11520881, 0.10309218, 0.09202588, 0.10788169, 0.08839593,\n",
       "        0.22825813, 0.18001849, 0.0851189 ],\n",
       "       [0.11174691, 0.08863961, 0.07759012, 0.12065373, 0.17993446,\n",
       "        0.12510713, 0.12922443, 0.1671036 ],\n",
       "       [0.19044618, 0.08065709, 0.11569616, 0.07664902, 0.11843543,\n",
       "        0.1845055 , 0.10891522, 0.1246954 ],\n",
       "       [0.11325939, 0.13805563, 0.10133602, 0.10042013, 0.10559617,\n",
       "        0.16844803, 0.1984119 , 0.07447273],\n",
       "       [0.07770776, 0.18948828, 0.09332829, 0.08054785, 0.15386102,\n",
       "        0.12004033, 0.12077136, 0.1642551 ],\n",
       "       [0.23440047, 0.17644736, 0.11394001, 0.08490043, 0.05234854,\n",
       "        0.12916562, 0.08111923, 0.12767835],\n",
       "       [0.07133854, 0.16149903, 0.10920091, 0.10193261, 0.18271574,\n",
       "        0.16100328, 0.1395513 , 0.07275859],\n",
       "       [0.18438787, 0.07364927, 0.05178556, 0.19187463, 0.11221746,\n",
       "        0.12417444, 0.18587514, 0.07603563],\n",
       "       [0.11847744, 0.15811276, 0.08469036, 0.10433577, 0.22055289,\n",
       "        0.06713722, 0.15354172, 0.09315184],\n",
       "       [0.19711789, 0.2075876 , 0.17191833, 0.0142341 , 0.11180573,\n",
       "        0.10174775, 0.10987312, 0.08571549],\n",
       "       [0.16665826, 0.12090581, 0.08978237, 0.10715066, 0.16450718,\n",
       "        0.13253508, 0.18933703, 0.0291236 ],\n",
       "       [0.21472985, 0.09784892, 0.24422317, 0.06832199, 0.09781531,\n",
       "        0.10389883, 0.07264936, 0.10051256],\n",
       "       [0.08189228, 0.21082262, 0.05765062, 0.13559365, 0.16816234,\n",
       "        0.104445  , 0.07552307, 0.16591043],\n",
       "       [0.17995967, 0.15103773, 0.10765482, 0.14045038, 0.09947063,\n",
       "        0.08175784, 0.0721536 , 0.16751533],\n",
       "       [0.20289051, 0.07905218, 0.09284094, 0.17559869, 0.13834132,\n",
       "        0.10514243, 0.11410806, 0.09202588],\n",
       "       [0.10371397, 0.10452903, 0.11902361, 0.14377783, 0.1037896 ,\n",
       "        0.16996891, 0.06702798, 0.18816906],\n",
       "       [0.09156373, 0.11057054, 0.19940341, 0.08469876, 0.11378876,\n",
       "        0.19663054, 0.09527771, 0.10806655],\n",
       "       [0.13056046, 0.19951265, 0.10786489, 0.18895051, 0.10080665,\n",
       "        0.08524494, 0.0838753 , 0.10318461],\n",
       "       [0.08658936, 0.18908495, 0.10153769, 0.18600118, 0.09212671,\n",
       "        0.12235106, 0.10856231, 0.11374674],\n",
       "       [0.0835392 , 0.12607344, 0.11773801, 0.13127468, 0.11754474,\n",
       "        0.15586085, 0.17311991, 0.09484917],\n",
       "       [0.12570372, 0.08762289, 0.06510377, 0.10523485, 0.19609277,\n",
       "        0.09953785, 0.2161499 , 0.10455424],\n",
       "       [0.1395681 , 0.11801529, 0.09382405, 0.11031006, 0.18932023,\n",
       "        0.07362407, 0.19142089, 0.08391732],\n",
       "       [0.10099151, 0.19502563, 0.10974708, 0.08514411, 0.1259474 ,\n",
       "        0.17832115, 0.10172254, 0.10310058],\n",
       "       [0.0860768 , 0.09800017, 0.14532392, 0.10318461, 0.18110243,\n",
       "        0.09481556, 0.18316108, 0.10833543],\n",
       "       [0.10864633, 0.17106966, 0.15021427, 0.11632636, 0.097454  ,\n",
       "        0.10332745, 0.12125872, 0.13170322],\n",
       "       [0.090505  , 0.1300479 , 0.09426099, 0.09691623, 0.17795143,\n",
       "        0.09773128, 0.08881607, 0.22377111],\n",
       "       [0.19706747, 0.09291656, 0.12086379, 0.10471389, 0.18334594,\n",
       "        0.10894043, 0.08208554, 0.11006638],\n",
       "       [0.12861944, 0.1208974 , 0.11330981, 0.10441139, 0.10241156,\n",
       "        0.17021259, 0.07706075, 0.18307705],\n",
       "       [0.08916057, 0.16953197, 0.10970507, 0.11375515, 0.11940173,\n",
       "        0.17596   , 0.08813545, 0.13435005],\n",
       "       [0.09439543, 0.19705907, 0.10486514, 0.14708008, 0.10581464,\n",
       "        0.14750021, 0.07641375, 0.12687169]])"
      ]
     },
     "execution_count": 3,
     "metadata": {},
     "output_type": "execute_result"
    }
   ],
   "source": [
    "Expert_activation_freq"
   ]
  },
  {
   "cell_type": "code",
   "execution_count": 4,
   "metadata": {},
   "outputs": [],
   "source": [
    "with open('../src/expert_frequencies.npy', 'wb') as f:\n",
    "    np.save(f, Expert_activation_freq)"
   ]
  },
  {
   "cell_type": "code",
   "execution_count": null,
   "metadata": {},
   "outputs": [],
   "source": []
  }
 ],
 "metadata": {
  "kernelspec": {
   "display_name": "Python 3 (ipykernel)",
   "language": "python",
   "name": "python3"
  },
  "language_info": {
   "codemirror_mode": {
    "name": "ipython",
    "version": 3
   },
   "file_extension": ".py",
   "mimetype": "text/x-python",
   "name": "python",
   "nbconvert_exporter": "python",
   "pygments_lexer": "ipython3",
   "version": "3.10.14"
  }
 },
 "nbformat": 4,
 "nbformat_minor": 4
}
